/Users/benjaminrees/Desktop/simopt/outputs/smoke_airline/smoke_cli_direct/phase1/adp_vs_davn_sgd/default_fixed_factors/DAVN.pickle
Problem: VANRYZIN-2
Solver: DAVN

Model Factors:
	n_classes: 80
	ODF_leg_matrix: [[0, 0, 1, 0, 0, 0, 0, 0], [0, 0, 1, 0, 0, 0, 0, 0], [0, 0, 1, 0, 0, 0, 0, 0], [0, 0, 1, 0, 0, 0, 0, 0], [0, 0, 0, 1, 0, 0, 0, 0], [0, 0, 0, 1, 0, 0, 0, 0], [0, 0, 0, 1, 0, 0, 0, 0], [0, 0, 0, 1, 0, 0, 0, 0], [1, 0, 0, 0, 0, 0, 0, 0], [1, 0, 0, 0, 0, 0, 0, 0], [1, 0, 0, 0, 0, 0, 0, 0], [1, 0, 0, 0, 0, 0, 0, 0], [0, 1, 0, 0, 0, 0, 0, 0], [0, 1, 0, 0, 0, 0, 0, 0], [0, 1, 0, 0, 0, 0, 0, 0], [0, 1, 0, 0, 0, 0, 0, 0], [0, 0, 0, 0, 0, 0, 1, 0], [0, 0, 0, 0, 0, 0, 1, 0], [0, 0, 0, 0, 0, 0, 1, 0], [0, 0, 0, 0, 0, 0, 1, 0], [0, 0, 0, 0, 0, 0, 0, 1], [0, 0, 0, 0, 0, 0, 0, 1], [0, 0, 0, 0, 0, 0, 0, 1], [0, 0, 0, 0, 0, 0, 0, 1], [0, 0, 0, 0, 1, 0, 0, 0], [0, 0, 0, 0, 1, 0, 0, 0], [0, 0, 0, 0, 1, 0, 0, 0], [0, 0, 0, 0, 1, 0, 0, 0], [0, 0, 0, 0, 0, 1, 0, 0], [0, 0, 0, 0, 0, 1, 0, 0], [0, 0, 0, 0, 0, 1, 0, 0], [0, 0, 0, 0, 0, 1, 0, 0], [1, 0, 0, 1, 0, 0, 0, 0], [1, 0, 0, 1, 0, 0, 0, 0], [1, 0, 0, 1, 0, 0, 0, 0], [1, 0, 0, 1, 0, 0, 0, 0], [0, 1, 1, 0, 0, 0, 0, 0], [0, 1, 1, 0, 0, 0, 0, 0], [0, 1, 1, 0, 0, 0, 0, 0], [0, 1, 1, 0, 0, 0, 0, 0], [0, 0, 0, 1, 0, 0, 1, 0], [0, 0, 0, 1, 0, 0, 1, 0], [0, 0, 0, 1, 0, 0, 1, 0], [0, 0, 0, 1, 0, 0, 1, 0], [0, 0, 1, 0, 0, 0, 0, 1], [0, 0, 1, 0, 0, 0, 0, 1], [0, 0, 1, 0, 0, 0, 0, 1], [0, 0, 1, 0, 0, 0, 0, 1], [0, 0, 0, 1, 1, 0, 0, 0], [0, 0, 0, 1, 1, 0, 0, 0], [0, 0, 0, 1, 1, 0, 0, 0], [0, 0, 0, 1, 1, 0, 0, 0], [0, 0, 1, 0, 0, 1, 0, 0], [0, 0, 1, 0, 0, 1, 0, 0], [0, 0, 1, 0, 0, 1, 0, 0], [0, 0, 1, 0, 0, 1, 0, 0], [0, 1, 0, 0, 0, 0, 1, 0], [0, 1, 0, 0, 0, 0, 1, 0], [0, 1, 0, 0, 0, 0, 1, 0], [0, 1, 0, 0, 0, 0, 1, 0], [1, 0, 0, 0, 0, 0, 0, 1], [1, 0, 0, 0, 0, 0, 0, 1], [1, 0, 0, 0, 0, 0, 0, 1], [1, 0, 0, 0, 0, 0, 0, 1], [0, 1, 0, 0, 1, 0, 0, 0], [0, 1, 0, 0, 1, 0, 0, 0], [0, 1, 0, 0, 1, 0, 0, 0], [0, 1, 0, 0, 1, 0, 0, 0], [1, 0, 0, 0, 0, 1, 0, 0], [1, 0, 0, 0, 0, 1, 0, 0], [1, 0, 0, 0, 0, 1, 0, 0], [1, 0, 0, 0, 0, 1, 0, 0], [0, 0, 0, 0, 1, 0, 0, 1], [0, 0, 0, 0, 1, 0, 0, 1], [0, 0, 0, 0, 1, 0, 0, 1], [0, 0, 0, 0, 1, 0, 0, 1], [0, 0, 0, 0, 0, 1, 1, 0], [0, 0, 0, 0, 0, 1, 1, 0], [0, 0, 0, 0, 0, 1, 1, 0], [0, 0, 0, 0, 0, 1, 1, 0]]
	capacity: (180.0, 180.0, 180.0, 180.0, 180.0, 180.0, 180.0, 180.0)
	fares: (310.0, 290.0, 95.0, 69.0, 310.0, 290.0, 95.0, 69.0, 455.0, 391.0, 142.0, 122.0, 455.0, 391.0, 142.0, 122.0, 280.0, 209.0, 94.0, 59.0, 280.0, 209.0, 94.0, 59.0, 159.0, 140.0, 64.0, 49.0, 159.0, 140.0, 64.0, 49.0, 575.0, 380.0, 159.0, 139.0, 575.0, 380.0, 159.0, 139.0, 403.0, 314.0, 124.0, 89.0, 403.0, 314.0, 124.0, 89.0, 319.0, 250.0, 109.0, 69.0, 319.0, 250.0, 109.0, 69.0, 477.0, 239.0, 139.0, 119.0, 477.0, 239.0, 139.0, 119.0, 502.0, 450.0, 154.0, 134.0, 502.0, 450.0, 154.0, 134.0, 226.0, 168.0, 84.0, 59.0, 226.0, 168.0, 84.0, 59.0)
	n_virtual_classes: 10
	virtual_class_indexing: [[0, 0, 1, 0, 0, 0, 0, 0], [0, 0, 2, 0, 0, 0, 0, 0], [0, 0, 3, 0, 0, 0, 0, 0], [0, 0, 4, 0, 0, 0, 0, 0], [0, 0, 0, 1, 0, 0, 0, 0], [0, 0, 0, 2, 0, 0, 0, 0], [0, 0, 0, 3, 0, 0, 0, 0], [0, 0, 0, 4, 0, 0, 0, 0], [1, 0, 0, 0, 0, 0, 0, 0], [2, 0, 0, 0, 0, 0, 0, 0], [3, 0, 0, 0, 0, 0, 0, 0], [4, 0, 0, 0, 0, 0, 0, 0], [0, 1, 0, 0, 0, 0, 0, 0], [0, 2, 0, 0, 0, 0, 0, 0], [0, 3, 0, 0, 0, 0, 0, 0], [0, 4, 0, 0, 0, 0, 0, 0], [0, 0, 0, 0, 0, 0, 1, 0], [0, 0, 0, 0, 0, 0, 2, 0], [0, 0, 0, 0, 0, 0, 3, 0], [0, 0, 0, 0, 0, 0, 4, 0], [0, 0, 0, 0, 0, 0, 0, 1], [0, 0, 0, 0, 0, 0, 0, 2], [0, 0, 0, 0, 0, 0, 0, 3], [0, 0, 0, 0, 0, 0, 0, 4], [0, 0, 0, 0, 1, 0, 0, 0], [0, 0, 0, 0, 2, 0, 0, 0], [0, 0, 0, 0, 3, 0, 0, 0], [0, 0, 0, 0, 4, 0, 0, 0], [0, 0, 0, 0, 0, 1, 0, 0], [0, 0, 0, 0, 0, 2, 0, 0], [0, 0, 0, 0, 0, 3, 0, 0], [0, 0, 0, 0, 0, 4, 0, 0], [5, 0, 0, 5, 0, 0, 0, 0], [6, 0, 0, 6, 0, 0, 0, 0], [7, 0, 0, 7, 0, 0, 0, 0], [8, 0, 0, 8, 0, 0, 0, 0], [0, 5, 5, 0, 0, 0, 0, 0], [0, 6, 6, 0, 0, 0, 0, 0], [0, 7, 7, 0, 0, 0, 0, 0], [0, 8, 8, 0, 0, 0, 0, 0], [0, 0, 0, 5, 0, 0, 5, 0], [0, 0, 0, 6, 0, 0, 6, 0], [0, 0, 0, 7, 0, 0, 7, 0], [0, 0, 0, 8, 0, 0, 8, 0], [0, 0, 5, 0, 0, 0, 0, 5], [0, 0, 6, 0, 0, 0, 0, 6], [0, 0, 7, 0, 0, 0, 0, 7], [0, 0, 8, 0, 0, 0, 0, 8], [0, 0, 0, 5, 5, 0, 0, 0], [0, 0, 0, 6, 6, 0, 0, 0], [0, 0, 0, 7, 7, 0, 0, 0], [0, 0, 0, 8, 8, 0, 0, 0], [0, 0, 5, 0, 0, 5, 0, 0], [0, 0, 6, 0, 0, 6, 0, 0], [0, 0, 7, 0, 0, 7, 0, 0], [0, 0, 8, 0, 0, 8, 0, 0], [0, 5, 0, 0, 0, 0, 5, 0], [0, 6, 0, 0, 0, 0, 6, 0], [0, 7, 0, 0, 0, 0, 7, 0], [0, 8, 0, 0, 0, 0, 8, 0], [5, 0, 0, 0, 0, 0, 0, 5], [6, 0, 0, 0, 0, 0, 0, 6], [7, 0, 0, 0, 0, 0, 0, 7], [8, 0, 0, 0, 0, 0, 0, 8], [0, 5, 0, 0, 5, 0, 0, 0], [0, 6, 0, 0, 6, 0, 0, 0], [0, 7, 0, 0, 7, 0, 0, 0], [0, 8, 0, 0, 8, 0, 0, 0], [5, 0, 0, 0, 0, 5, 0, 0], [6, 0, 0, 0, 0, 6, 0, 0], [7, 0, 0, 0, 0, 7, 0, 0], [8, 0, 0, 0, 0, 8, 0, 0], [0, 0, 0, 0, 5, 0, 0, 5], [0, 0, 0, 0, 6, 0, 0, 6], [0, 0, 0, 0, 7, 0, 0, 7], [0, 0, 0, 0, 8, 0, 0, 8], [0, 0, 0, 0, 0, 5, 5, 0], [0, 0, 0, 0, 0, 6, 6, 0], [0, 0, 0, 0, 0, 7, 7, 0], [0, 0, 0, 0, 0, 8, 8, 0]]
	n_periods: 3
	booking_period_length: 1.0
	gamma_shape: (12.0, 9.0, 11.0, 17.0, 12.0, 9.0, 11.0, 17.0, 8.0, 4.0, 11.0, 27.0, 8.0, 4.0, 11.0, 27.0, 20.0, 9.0, 7.0, 14.0, 20.0, 9.0, 7.0, 14.0, 25.0, 7.0, 5.0, 13.0, 25.0, 7.0, 5.0, 13.0, 9.0, 7.0, 11.0, 24.0, 9.0, 7.0, 11.0, 24.0, 11.0, 5.0, 14.0, 20.0, 11.0, 5.0, 14.0, 20.0, 5.0, 7.0, 11.0, 27.0, 5.0, 7.0, 11.0, 27.0, 17.0, 11.0, 7.0, 14.0, 17.0, 11.0, 7.0, 14.0, 5.0, 7.0, 7.0, 32.0, 5.0, 7.0, 7.0, 32.0, 13.0, 4.0, 7.0, 25.0, 13.0, 4.0, 7.0, 25.0)
	gamma_scale: (1.0, 1.0, 1.0, 1.0, 1.0, 1.0, 1.0, 1.0, 1.0, 1.0, 1.0, 1.0, 1.0, 1.0, 1.0, 1.0, 1.0, 1.0, 1.0, 1.0, 1.0, 1.0, 1.0, 1.0, 1.0, 1.0, 1.0, 1.0, 1.0, 1.0, 1.0, 1.0, 1.0, 1.0, 1.0, 1.0, 1.0, 1.0, 1.0, 1.0, 1.0, 1.0, 1.0, 1.0, 1.0, 1.0, 1.0, 1.0, 1.0, 1.0, 1.0, 1.0, 1.0, 1.0, 1.0, 1.0, 1.0, 1.0, 1.0, 1.0, 1.0, 1.0, 1.0, 1.0, 1.0, 1.0, 1.0, 1.0, 1.0, 1.0, 1.0, 1.0, 1.0, 1.0, 1.0, 1.0, 1.0, 1.0, 1.0, 1.0)
	beta_alpha: (5.0, 3.0, 2.0, 2.0, 5.0, 3.0, 2.0, 2.0, 5.0, 3.0, 2.0, 2.0, 5.0, 3.0, 2.0, 2.0, 5.0, 3.0, 2.0, 2.0, 5.0, 3.0, 2.0, 2.0, 5.0, 3.0, 2.0, 2.0, 5.0, 3.0, 2.0, 2.0, 5.0, 3.0, 2.0, 2.0, 5.0, 3.0, 2.0, 2.0, 5.0, 3.0, 2.0, 2.0, 5.0, 3.0, 2.0, 2.0, 5.0, 3.0, 2.0, 2.0, 5.0, 3.0, 2.0, 2.0, 5.0, 3.0, 2.0, 2.0, 5.0, 3.0, 2.0, 2.0, 5.0, 3.0, 2.0, 2.0, 5.0, 3.0, 2.0, 2.0, 5.0, 3.0, 2.0, 2.0, 5.0, 3.0, 2.0, 2.0)
	beta_beta: (2.0, 2.0, 3.0, 5.0, 2.0, 2.0, 3.0, 5.0, 2.0, 2.0, 3.0, 5.0, 2.0, 2.0, 3.0, 5.0, 2.0, 2.0, 3.0, 5.0, 2.0, 2.0, 3.0, 5.0, 2.0, 2.0, 3.0, 5.0, 2.0, 2.0, 3.0, 5.0, 2.0, 2.0, 3.0, 5.0, 2.0, 2.0, 3.0, 5.0, 2.0, 2.0, 3.0, 5.0, 2.0, 2.0, 3.0, 5.0, 2.0, 2.0, 3.0, 5.0, 2.0, 2.0, 3.0, 5.0, 2.0, 2.0, 3.0, 5.0, 2.0, 2.0, 3.0, 5.0, 2.0, 2.0, 3.0, 5.0, 2.0, 2.0, 3.0, 5.0, 2.0, 2.0, 3.0, 5.0, 2.0, 2.0, 3.0, 5.0)

Problem Factors:
	initial_solution: (6.0, 34.0, 42.0, 49.0, 61.0, 75.0, 88.0, 180.0, 180.0, 180.0, 6.0, 34.0, 42.0, 49.0, 61.0, 75.0, 88.0, 180.0, 180.0, 180.0, 7.0, 18.0, 30.0, 59.0, 73.0, 103.0, 180.0, 180.0, 180.0, 180.0, 7.0, 18.0, 30.0, 59.0, 73.0, 103.0, 180.0, 180.0, 180.0, 180.0, 3.0, 11.0, 18.0, 38.0, 63.0, 81.0, 96.0, 180.0, 180.0, 180.0, 3.0, 11.0, 18.0, 38.0, 63.0, 81.0, 96.0, 180.0, 180.0, 180.0, 25.0, 52.0, 62.0, 79.0, 98.0, 107.0, 141.0, 180.0, 180.0, 180.0, 25.0, 52.0, 62.0, 79.0, 98.0, 107.0, 141.0, 180.0, 180.0, 180.0)
	budget: 50
	n_lookahead_reps: 1

Solver Factors:
	crn_across_solns: True
	n_virtual_classes: None
	evaluation_reps: 5

1 macroreplications were run.
1 postreplications were run at each recommended solution.

Macroreplication Results:

Macroreplication 1:
	Budget: 50	Recommended Solution: (0.0, 5.5945, 16.0106, 32.1654, 45.6648, 57.9166, 70.9354, 82.6567, 110.1701, 180.0, 0.0, 5.5126, 9.7371, 31.2576, 39.906, 44.9571, 57.0116, 71.57, 100.5899, 180.0, 0.0, 6.6089, 16.6973, 27.4726, 36.4961, 55.7435, 69.7696, 96.043, 126.7685, 180.0, 0.0, 6.4532, 17.607, 36.7266, 54.5268, 68.3319, 83.184, 105.8966, 126.2302, 180.0, 0.0, 2.5414, 9.648, 15.9596, 22.3691, 34.9343, 59.4511, 78.3229, 109.3116, 180.0, 0.0, 2.4245, 9.403, 15.5515, 21.8539, 36.1281, 63.7414, 75.1085, 87.7514, 180.0, 0.0, 23.7342, 42.0729, 50.0297, 60.276, 76.5831, 93.123, 103.1348, 135.5295, 180.0, 0.0, 24.3164, 29.1549, 50.7627, 74.7648, 93.2946, 117.0233, 145.05, 168.2027, 180.0)	Estimated Objective: 137616.8664
